
419
404
358
359
nicht da
396
350
378
411
412
373
383
368
403
401
400
381
370
377
388
386
364
384
334
355
365
382
362
tav
361
319
313
375
379
256
363
352
302
300
244
253
325





























































































































































































































































































































































































































































































































































































































































































































































































































































































































































































